20
Urocyon_littoralis_clementae_KP128924.1   0.0000000 0.0007158 0.0160372 0.0167780 0.0190150 0.0190164 0.0205034 0.0220049 0.0220032 0.0219992 0.0227487 0.0235067 0.0235058 0.0242554 0.0242531 0.0250139 0.0458260 0.0474033 0.0474049 0.0481932 
Urocyon_littoralis_clementae_KP129065.1   0.0007158 0.0000000 0.0167780 0.0175198 0.0197604 0.0197618 0.0212507 0.0227546 0.0227528 0.0227487 0.0234992 0.0242586 0.0242576 0.0250083 0.0250059 0.0257680 0.0466116 0.0481913 0.0481930 0.0489824 
Urocyon_littoralis_dickeyi_KP128942.1     0.0160372 0.0167780 0.0000000 0.0007159 0.0086752 0.0086758 0.0160241 0.0175100 0.0175087 0.0175055 0.0182478 0.0189970 0.0189963 0.0197391 0.0197372 0.0204892 0.0426552 0.0442211 0.0442226 0.0450054 
Urocyon_littoralis_dickeyi_KP128940.1     0.0167780 0.0175198 0.0007159 0.0000000 0.0094047 0.0094054 0.0167643 0.0182524 0.0182510 0.0182478 0.0189911 0.0197416 0.0197409 0.0204847 0.0204827 0.0212360 0.0434353 0.0450037 0.0450052 0.0457891 
Urocyon_littoralis_catalinae_KP129018.1   0.0190150 0.0197604 0.0086752 0.0094047 0.0000000 0.0000010 0.0189994 0.0204952 0.0204936 0.0204899 0.0212367 0.0219916 0.0219907 0.0227378 0.0227357 0.0234932 0.0442374 0.0458089 0.0473825 0.0481703 
Urocyon_littoralis_catalinae_KP129029.1   0.0190164 0.0197618 0.0086758 0.0094054 0.0000010 0.0000000 0.0182570 0.0204966 0.0197491 0.0197455 0.0204913 0.0212449 0.0212441 0.0219902 0.0219881 0.0227444 0.0442406 0.0458123 0.0473859 0.0481738 
Urocyon_littoralis_santarosae_KP128993.1  0.0205034 0.0212507 0.0160241 0.0167643 0.0189994 0.0182570 0.0000000 0.0174786 0.0014328 0.0014326 0.0021504 0.0028700 0.0028699 0.0035895 0.0035892 0.0043112 0.0457162 0.0472892 0.0472908 0.0480770 
Urocyon_cinereoargenteus_KP129088.1       0.0220049 0.0227546 0.0175100 0.0182524 0.0204952 0.0204966 0.0174786 0.0000000 0.0189653 0.0189618 0.0197050 0.0204556 0.0204548 0.0211984 0.0211964 0.0219497 0.0425851 0.0441482 0.0441497 0.0449310 
Urocyon_littoralis_littoralis_KP128994.1  0.0220032 0.0227528 0.0175087 0.0182510 0.0204936 0.0197491 0.0014328 0.0189653 0.0000000 0.0028696 0.0035895 0.0014327 0.0043115 0.0050331 0.0050326 0.0057573 0.0472937 0.0488720 0.0488736 0.0496623 
Urocyon_littoralis_santacruzae_KP128949.1 0.0219992 0.0227487 0.0175055 0.0182478 0.0204899 0.0197455 0.0014326 0.0189618 0.0028696 0.0000000 0.0035889 0.0043109 0.0043107 0.0050322 0.0050317 0.0057563 0.0472845 0.0488624 0.0488641 0.0496525 
Urocyon_littoralis_santacruzae_KP128975.1 0.0227487 0.0234992 0.0182478 0.0189911 0.0212367 0.0204913 0.0021504 0.0197050 0.0035895 0.0035889 0.0000000 0.0050328 0.0050326 0.0057550 0.0014327 0.0064803 0.0480704 0.0496507 0.0496524 0.0504420 
Urocyon_littoralis_santarosae_KP128985.1  0.0235067 0.0242586 0.0189970 0.0197416 0.0219916 0.0212449 0.0028700 0.0204556 0.0014327 0.0043109 0.0050328 0.0000000 0.0057573 0.0064808 0.0064803 0.0072074 0.0488740 0.0504573 0.0504590 0.0512501 
Urocyon_littoralis_santacruzae_KP128950.1 0.0235058 0.0242576 0.0189963 0.0197409 0.0219907 0.0212441 0.0028699 0.0204548 0.0043115 0.0043107 0.0050326 0.0057573 0.0000000 0.0064806 0.0064800 0.0014326 0.0488720 0.0504552 0.0504570 0.0512480 
Urocyon_littoralis_santarosae_KP128989.1  0.0242554 0.0250083 0.0197391 0.0204847 0.0227378 0.0219902 0.0035895 0.0211984 0.0050331 0.0050322 0.0057550 0.0064808 0.0064806 0.0000000 0.0072044 0.0079327 0.0496556 0.0512411 0.0512429 0.0520351 
Urocyon_littoralis_santacruzae_KP128977.1 0.0242531 0.0250059 0.0197372 0.0204827 0.0227357 0.0219881 0.0035892 0.0211964 0.0050326 0.0050317 0.0014327 0.0064803 0.0064800 0.0072044 0.0000000 0.0079320 0.0496505 0.0512358 0.0512376 0.0520297 
Urocyon_littoralis_catalinae_KP129037.1   0.0250139 0.0257680 0.0204892 0.0212360 0.0234932 0.0227444 0.0043112 0.0219497 0.0057573 0.0057563 0.0064803 0.0072074 0.0014326 0.0079327 0.0079320 0.0000000 0.0504571 0.0520455 0.0520473 0.0528409 
Urocyon_cinereoargenteus_KP129104.1       0.0458260 0.0466116 0.0426552 0.0434353 0.0442374 0.0442406 0.0457162 0.0425851 0.0472937 0.0472845 0.0480704 0.0488740 0.0488720 0.0496556 0.0496505 0.0504571 0.0000000 0.0028690 0.0101179 0.0108482 
Urocyon_cinereoargenteus_KP129106.1       0.0474033 0.0481913 0.0442211 0.0450037 0.0458089 0.0458123 0.0472892 0.0441482 0.0488720 0.0488624 0.0496507 0.0504573 0.0504552 0.0512411 0.0512358 0.0520455 0.0028690 0.0000000 0.0115805 0.0123129 
Urocyon_cinereoargenteus_KP129101.1       0.0474049 0.0481930 0.0442226 0.0450052 0.0473825 0.0473859 0.0472908 0.0441497 0.0488736 0.0488641 0.0496524 0.0504590 0.0504570 0.0512429 0.0512376 0.0520473 0.0101179 0.0115805 0.0000000 0.0007157 
Urocyon_cinereoargenteus_KP129105.1       0.0481932 0.0489824 0.0450054 0.0457891 0.0481703 0.0481738 0.0480770 0.0449310 0.0496623 0.0496525 0.0504420 0.0512501 0.0512480 0.0520351 0.0520297 0.0528409 0.0108482 0.0123129 0.0007157 0.0000000 
